WGS84 UTM 54N
487660.486620762 4227087.75422419 12.800 3530 2608 DJI_0018.JPG
487660.486620762 4227087.75422419 12.800 3527 2040 DJI_0020.JPG
487660.486620762 4227087.75422419 12.800 3539 1438 DJI_0022.JPG
487636.798113317 4227033.05665575 12.445 879 886 DJI_0024.JPG
487636.798113317 4227033.05665575 12.445 791 1468 DJI_0026.JPG
487636.798113317 4227033.05665575 12.445 754 2052 DJI_0028.JPG
487636.798113317 4227033.05665575 12.445 721 2631 DJI_0030.JPG
487578.294237884 4227058.99247881 12.616 1078 355 DJI_0038.JPG
487578.294237884 4227058.99247881 12.616 1023 888 DJI_0040.JPG
487605.548580363 4227102.98319469 12.793 3116 1284 DJI_0008.JPG
487605.548580363 4227102.98319469 12.793 3082 768 DJI_0010.JPG
487605.548580363 4227102.98319469 12.793 3108 220 DJI_0012.JPG
487615.121058 4227071.70004669 12.804 1163 2752 DJI_0008.JPG
487615.121058 4227071.70004669 12.804 1159 2186 DJI_0010.JPG
487615.121058 4227071.70004669 12.804 1184 1625 DJI_0012.JPG
487615.121058 4227071.70004669 12.804 1179 1029 DJI_0014.JPG
487615.121058 4227071.70004669 12.804 1220 440 DJI_0016.JPG
487615.121058 4227071.70004669 12.804 2803 316 DJI_0030.JPG
487615.121058 4227071.70004669 12.804 2784 852 DJI_0032.JPG
487615.121058 4227071.70004669 12.804 2759 1407 DJI_0034.JPG
487615.121058 4227071.70004669 12.804 2750 1992 DJI_0036.JPG
487615.121058 4227071.70004669 12.804 2733 2584 DJI_0038.JPG
487624.482241563 4227067.53718511 12.804 1102 2604 DJI_0012.JPG
487624.482241563 4227067.53718511 12.804 1090 2011 DJI_0014.JPG
487624.482241563 4227067.53718511 12.804 1129 1400 DJI_0016.JPG
487624.482241563 4227067.53718511 12.804 1213 829 DJI_0018.JPG
487624.482241563 4227067.53718511 12.804 1220 262 DJI_0020.JPG
487624.482241563 4227067.53718511 12.804 2786 101 DJI_0026.JPG
487624.482241563 4227067.53718511 12.804 2745 687 DJI_0028.JPG
487624.482241563 4227067.53718511 12.804 2732 1234 DJI_0030.JPG
487624.482241563 4227067.53718511 12.804 2712 1799 DJI_0032.JPG
487624.482241563 4227067.53718511 12.804 2684 2367 DJI_0034.JPG
487624.482241563 4227067.53718511 12.804 2674 2970 DJI_0036.JPG
